15.14 14.5 15.64 12.81 7.82 0.29 4.2 4.86 13.32 11.23 15.76 7.77 3.41 19.07 7.17
9.74 0.02 0.78 8.39 16.83 8.09 4.35 5.81 13.0 11.75 8.6 13.93 12.61 13.37 4.38
7.88 5.4 10.25 4.41 5.27 6.05 4.71 19.36 17.02 14.14 10.12 19.03 13.59 4.05 7.28
9.24 15.83 19.05 3.63 17.24 17.42 18.71 11.25 11.53 0.12 4.95 8.47 5.76 11.9 8.26
4.81 10.26 3.63 12.49 9.28 19.93 0.08 14.85 7.97 2.6 17.75 15.29 8.43 18.01 13.45
9.15 5.63 14.4 15.69 15.82 7.01 17.03 13.34 16.89 2.79 0.93 15.5 17.63 1.46 8.82
10.42 7.44 10.41 14.26 1.5 16.57 6.82 0.22 4.15 9.52 14.87 3.43 8.39 18.45 2.05
6.19 9.03 4.04 9.41 18.99 17.76 15.85 18.39 9.72 19.78 9.2 10.68 18.03 1.12 1.59
16.11 7.35 12.33 17.98 8.62 11.02 9.29 1.42 0.76 4.01 2.47 12.99 2.79 17.03 12.19
13.58 14.32 6.28 9.35 8.79 3.56 18.34 18.84 7.72 2.03 7.59 15.5 16.88 1.08 11.02
11.82 0.86 0.69 4.4 0.56 13.24 10.55 12.63 15.67 12.86 19.07 7.11 10.54 13.62 6.64
13.54 3.75 9.03 6.08 14.5 9.61 6.67 5.64 3.0 12.97 2.52 7.49 5.6 6.36 19.9
18.2 6.48 0.8 13.94 16.87 7.79 11.48 18.66 1.1 15.48 4.13 10.89 11.47 4.92 8.85
3.08 1.15 16.15 4.29 14.91 8.68 14.31 6.92 13.21 9.44 8.17 7.82 8.5 3.86 6.47
2.39 17.3 9.15 10.03 17.3 19.71 15.18 6.35 13.18 3.37 5.09 12.17 11.89 6.97 6.22
19.97 2.51 19.12 8.28 4.29 1.76 11.62 1.97 15.22 1.17 10.29 13.58 8.1 6.14 10.82
19.01 10.65 19.89 12.52 13.82 11.93 9.29 8.41 15.52 11.17 8.79 16.77 18.36 8.43 13.84
6.15 11.83 14.41 5.74 13.45 9.57 1.73 16.03 3.24 17.25 16.51 0.78 5.23 15.15 15.45
12.19 16.28 3.79 11.37 8.41 3.74 19.75 17.78 11.1 17.59 12.62 1.93 4.73 10.12 3.89
4.98 11.47 14.35 3.84 7.54 11.43 4.56 3.51 9.78 9.08 16.04 5.32 16.05 13.53 14.86
8.28 5.73 3.15 2.94 1.32 14.66 2.83 19.21 1.97 4.1 16.15 13.09 6.56 18.13 4.08
3.1 12.89 4.45 6.76 10.5 16.49 18.35 5.74 15.53 7.88 5.39 0.19 1.91 9.41 4.03
2.36 14.6 7.81 6.66 5.56 14.91 1.19 4.35 0.43 17.57 7.87 19.04 14.59 14.98 18.24
15.35 4.83 15.4 10.95 3.24 1.14 3.81 19.53 13.02 7.58 16.89 7.17 4.29 6.05 6.81
3.21 1.75 6.14 12.56 17.85 12.57 16.73 2.04 18.72 12.08 2.92 13.19 7.07 7.99 15.99
8.49 9.88 6.54 3.2 3.3 9.12 8.47 19.42 15.93 19.91 17.45 13.21 14.46 4.86 9.18
6.01 4.25 13.84 5.39 5.51 8.61 5.42 3.81 11.18 4.6 19.17 12.38 3.49 6.52 6.31
4.23 17.0 0.01 10.48 8.31 1.93 1.28 0.06 19.82 18.7 8.17 8.53 14.75 5.75 2.12
0.85 2.83 12.21 13.76 9.81 14.77 13.66 18.46 19.09 11.13 12.07 2.99 7.04 2.61 18.86
19.38 9.23 4.57 14.06 18.03 6.35 12.13 3.62 8.56 19.1 16.46 2.28 13.72 12.0 7.82
